   Part Category        mean         var  Storage  Adjusted Storage  \
0   CA1       CA   95.888889  116.684145       16                16   
1   CA2       CA   76.811111   75.345943       13                13   
2   CA3       CA   32.766667   41.147191        5                 6   
3   CA4       CA   89.277778   80.944444       15                15   
4   CA5       CA   44.411111   43.660549        7                 7   
5   CA6       CA   97.077778  107.690512       16                16   
6   CA7       CA   64.066667   50.692135       11                10   
7   CA8       CA   97.533333  134.566292       16                17   
8   CB1       CB   71.066667   74.782022       12                12   
9   CB2       CB  389.533333  526.813483       65                66   
10  CB3       CB  137.233333  114.989888       23                22   
11  CC1       CC   15.544444   13.689014        3                 2   
12  CC2       CC  142.255556  144.080025       24                24   
13  CC3       CC   49.822222   43.945568        8                 8   
14  CC4       CC   95.444444   83.081149       16                16   
15  CC5       CC   64.244444   73.647441       11                11   
16  CC6       CC  125.388889  134.015605       21                21   
17  CC7       CC  105.133333  105.802247       18                18   
18  CD1       CD   37.566667   33.776404        6                 6   
19  CD2       CD  102.166667  113.241573       17                17   
20  CD3       CD  235.522222  252.409613       39                40   
21  CD4       CD    4.300000    4.055056        1                 1   
22  CD5       CD  136.422222  109.325343       23                22   
23  CD6       CD   81.855556   99.765418       14                14   
24  CE1       CE    5.522222    5.623096        1                 1   
25  CE2       CE   31.722222   25.865793        5                 5   
26  CE3       CE   69.311111   68.845943       12                12   
27  CE4       CE   19.133333   20.206742        3                 3   
28  CE5       CE    5.426966    4.792901        1                 1   
29  CE6       CE  115.311111  113.542572       19                19   
30  CE7       CE   77.855556   71.922722       13                13   
31  CE8       CE  117.288889  135.151561       20                20   
32  CE9       CE  156.322222  187.681523       26                26   

    Restock Threshold  
0           19.177778  
1           15.362222  
2            6.553333  
3           17.855556  
4            8.882222  
5           19.415556  
6           12.813333  
7           19.506667  
8           14.213333  
9           77.906667  
10          27.446667  
11           3.108889  
12          28.451111  
13           9.964444  
14          19.088889  
15          12.848889  
16          25.077778  
17          21.026667  
18           7.513333  
19          20.433333  
20          47.104444  
21           0.860000  
22          27.284444  
23          16.371111  
24           1.104444  
25           6.344444  
26          13.862222  
27           3.826667  
28           1.085393  
29          23.062222  
30          15.571111  
31          23.457778  
32          31.264444  
